10923
8067
6740
26503
25879
22418
7153
15352
3381
30698
14048
11902
18167
30165
14457
13717
5084
18261
13146
25691
6649
17203
18459
3242
21580
30797
21599
20885
7347
31801
13249
18270
7100
19989
12006
211
9640
19159
15563
13021
17090
29611
24923
2489
27009
6613
16206
32093
24874
29352
25016
31523
13787
10707
1998
2599
8736
23597
23484
16084
22630
3966
1586
29730
23955
13592
29941
827
32752
12736
13849
17074
9580
6004
19563
3821
12617
3002
3146
4724
32354
28162
3479
13374
6101
5477
15973
14837
29075
6690
30921
18937
10656
32508
15900
1843
13332
13073
2671
13316
