211
827
1586
1843
1998
2489
2599
2671
3002
3146
3242
3381
3479
3821
3966
4724
5084
5477
6004
6101
6613
6649
6690
6740
7100
7153
7347
8067
8736
9580
9640
10656
10707
10923
11902
12006
12617
12736
13021
13073
13146
13249
13316
13332
13374
13592
13717
13787
13849
14048
14457
14837
15352
15563
15900
15973
16084
16206
17074
17090
17203
18167
18261
18270
18459
18937
19159
19563
19989
20885
21580
21599
22418
22630
23484
23597
23955
24874
24923
25016
25691
25879
26503
27009
28162
29075
29352
29611
29730
29941
30165
30698
30797
30921
31523
31801
32093
32354
32508
32752
